StarriesHelper = {85923, 37962, 543532, 668165, 35145, 110580, 487237, 105599, 717462, 139951, 455918, 45847, 392645, 541633, 443140, 145851, 257797, 687034, 281500, 704426, 739931, 708819, 490278, 184979, 720738, 727048, 254694, 753514, 746171, 743870, 81077, 708014, 755618}

CLUB = {85923, 37962, 543532, 668165, 35145, 110580, 487237, 105599, 717462, 139951, 455918, 45847, 392645, 541633, 443140, 145851, 257797, 687034, 281500, 704426, 739931, 708819, 490278, 184979, 720738, 727048, 254694, 753514, 746171, 743870, 81077, 708014, 755618}
PRO = {}
RESELLER = {}

BOTHEX = {
STARRIES_HELPER = {
CLUB = {85923, 37962, 543532, 668165, 35145, 110580, 487237, 105599, 717462, 139951, 455918, 45847, 392645, 541633, 443140, 145851, 257797, 687034, 281500, 704426, 739931, 708819, 490278, 184979, 720738, 727048, 254694, 753514, 746171, 743870, 81077, 708014},
PRO = {85923},
RESELLER = {},
ON_TRIAL = {}
}
}
